0.1 -0.222542
0.106 -0.200317
0.112 -0.232126
0.118 -0.210229
0.124 -0.188226
0.13 -0.160923
0.136 -0.142453
0.142 -0.125022
0.148 -0.114238
0.154 -0.100874
0.16 -0.0898295
0.166 -0.0816582
0.172 -0.0752693
0.178 -0.0666025
0.184 -0.0610399
0.19 -0.0564164
0.196 -0.0517251
0.202 -0.0477237
0.208 -0.0434879
0.214 -0.0408903
0.22 -0.0374681
0.226 -0.0354955
0.232 -0.0333847
0.238 -0.0293942
0.244 -0.0292717
0.25 -0.0280984
0.256 -0.0261934
0.262 -0.0246462
0.268 -0.0228479
0.274 -0.0216288
0.28 -0.0202776
0.286 -0.0193407
0.292 -0.0181524
0.298 -0.0172647
